1.412192710030839058e-17 5.036712064238222188e-18 1.011790444493683631e-17 2.006345091227972931e-17 3.102982687531567003e-17 4.853033233404774898e-17 6.871439670268841824e-17 9.083432492648790024e-17 1.137987339383397044e-16
5.036712064238222188e-18 8.280234483335549423e-17 8.159173019447813252e-17 1.333888523460657689e-16 2.319605378036357951e-16 3.646456945963971215e-16 5.107305946529757585e-16 6.788065465095132587e-16 8.457304964526317898e-16
1.011790444493683631e-17 8.159173019447813252e-17 3.091414429180411255e-16 4.818530988493671526e-16 7.610721920794591973e-16 1.212627962072382284e-15 1.717740090712217118e-15 2.331312408656376973e-15 2.944011971508447919e-15
2.006345091227972931e-17 1.333888523460657689e-16 4.818530988493671526e-16 1.266489127949988896e-15 2.039896793352412389e-15 3.110133008105503366e-15 4.457807519531365550e-15 6.118055926071910318e-15 7.778094826101351645e-15
3.102982687531567003e-17 2.319605378036357951e-16 7.610721920794591973e-16 2.039896793352412389e-15 3.952118167130136203e-15 6.284179981077994492e-15 8.901258432542199811e-15 1.227987444500612835e-14 1.577478824267336246e-14
4.853033233404774898e-17 3.646456945963971215e-16 1.212627962072382284e-15 3.110133008105503366e-15 6.284179981077994492e-15 1.096969697544288357e-14 1.598379082541362185e-14 2.218305091936667372e-14 2.863610761587509863e-14
6.871439670268841824e-17 5.107305946529757585e-16 1.717740090712217118e-15 4.457807519531365550e-15 8.901258432542199811e-15 1.598379082541362185e-14 2.447308891192420811e-14 3.476542149692437069e-14 4.545693473121323415e-14
9.083432492648790024e-17 6.788065465095132587e-16 2.331312408656376973e-15 6.118055926071910318e-15 1.227987444500612835e-14 2.218305091936667372e-14 3.476542149692437069e-14 5.129687488210757834e-14 6.835878336187716378e-14
1.137987339383397044e-16 8.457304964526317898e-16 2.944011971508447919e-15 7.778094826101351645e-15 1.577478824267336246e-14 2.863610761587509863e-14 4.545693473121323415e-14 6.835878336187716378e-14 9.346118486458904190e-14
