3.114388966750203853e-17 1.030466021667764340e-17 1.989903589431795886e-17 3.990747139864290666e-17 6.004681351830791974e-17 9.119641331246055472e-17 1.271410703778790521e-16 1.683135917755793293e-16 2.073662546189791365e-16
1.030466021667764340e-17 1.830150670513891649e-16 1.849107550524976019e-16 2.994324746968246459e-16 4.993569819628552851e-16 7.874829963378285997e-16 1.120465128842835845e-15 1.510519395238511552e-15 1.883330966121615058e-15
1.989903589431795886e-17 1.849107550524976019e-16 6.638526085148106398e-16 1.010364944329085446e-15 1.557366682051142589e-15 2.494360208378304450e-15 3.533796615818870131e-15 4.785553145152298330e-15 5.985057482699239769e-15
3.990747139864290666e-17 2.994324746968246459e-16 1.010364944329085446e-15 2.647182926194105083e-15 4.204831771129999671e-15 6.400698092240780311e-15 9.184964656162738387e-15 1.257311137225875672e-14 1.591892840180708825e-14
6.004681351830791974e-17 4.993569819628552851e-16 1.557366682051142589e-15 4.204831771129999671e-15 8.058461500115115439e-15 1.278421375477372909e-14 1.808888093954592656e-14 2.489170429910855343e-14 3.189271851269197359e-14
9.119641331246055472e-17 7.874829963378285997e-16 2.494360208378304450e-15 6.400698092240780311e-15 1.278421375477372909e-14 2.236055684952939516e-14 3.256821147544840557e-14 4.512584635638064550e-14 5.810045151907715322e-14
1.271410703778790521e-16 1.120465128842835845e-15 3.533796615818870131e-15 9.184964656162738387e-15 1.808888093954592656e-14 3.256821147544840557e-14 4.993574276989252032e-14 7.080973726244963718e-14 9.233652831754360816e-14
1.683135917755793293e-16 1.510519395238511552e-15 4.785553145152298330e-15 1.257311137225875672e-14 2.489170429910855343e-14 4.512584635638064550e-14 7.080973726244963718e-14 1.043057404038440461e-13 1.386543053592368014e-13
2.073662546189791365e-16 1.883330966121615058e-15 5.985057482699239769e-15 1.591892840180708825e-14 3.189271851269197359e-14 5.810045151907715322e-14 9.233652831754360816e-14 1.386543053592368014e-13 1.892093946543024183e-13
