3.099548878315544420e-18 1.041226223839924143e-19 6.721731512226657732e-20 6.959716220090950062e-20 7.589169723093640547e-20 2.707190931210612418e-19 4.594675629624004547e-20 -7.829786460843970658e-20 -8.144344874892699528e-20
1.041226223839924143e-19 5.174102720909223467e-19 1.190607497818301063e-19 4.023176281833555181e-20 8.973313876497428649e-20 -5.288784504003358050e-20 -3.326244213576113043e-20 1.916465113296466881e-20 6.619001533239629845e-20
6.721731512226657732e-20 1.190607497818301063e-19 3.798398330053687606e-19 1.390618430238744468e-19 1.089394197549578816e-19 1.766726275227788551e-19 -2.061830159186490186e-20 8.919867285459602574e-20 1.190348313588277859e-19
6.959716220090950062e-20 4.023176281833555181e-20 1.390618430238744468e-19 4.448757482239451839e-19 1.137571184468009524e-19 1.305341594379592722e-19 1.537724107542589471e-19 -2.502046133144915501e-20 -1.143691586907790518e-19
7.589169723093640547e-20 8.973313876497428649e-20 1.089394197549578816e-19 1.137571184468009524e-19 3.535198014897336197e-19 8.292209791200508167e-20 -1.404408633245204087e-20 1.024660747766844795e-19 1.697963350015610238e-19
2.707190931210612418e-19 -5.288784504003358050e-20 1.766726275227788551e-19 1.305341594379592722e-19 8.292209791200508167e-20 4.669440254896212705e-19 6.669924030933732747e-20 2.013214929046303969e-19 2.237317785654895357e-19
4.594675629624004547e-20 -3.326244213576113043e-20 -2.061830159186490186e-20 1.537724107542589471e-19 -1.404408633245204087e-20 6.669924030933732747e-20 6.585580517788154860e-19 -3.219379944132578385e-20 -2.536568925801019341e-19
-7.829786460843970658e-20 1.916465113296466881e-20 8.919867285459602574e-20 -2.502046133144915501e-20 1.024660747766844795e-19 2.013214929046303969e-19 -3.219379944132578385e-20 1.096587975024113202e-18 -4.218328393847119272e-20
-8.144344874892699528e-20 6.619001533239629845e-20 1.190348313588277859e-19 -1.143691586907790518e-19 1.697963350015610238e-19 2.237317785654895357e-19 -2.536568925801019341e-19 -4.218328393847119272e-20 1.783942014216354061e-18
