# omega_b omega_cdm H0 n_s logA tau_reio m_ncdm A_planck
  2.8648997E-08  -1.4767621E-07   1.9314488E-04   5.4851016E-07   7.4132027E-07   4.6817878E-07  -1.4269375E-05   1.3093039E-08
 -1.4767621E-07   2.1373415E-06  -1.2557402E-03  -5.5720859E-06  -8.7864932E-06  -6.8647323E-06   4.1705025E-05  -3.7764438E-08
  1.9314488E-04  -1.2557402E-03   3.3971452E+00   7.1996600E-03  -4.7521484E-03  -1.5942919E-03  -3.5361562E-01  -7.6603542E-06
  5.4851016E-07  -5.5720859E-06   7.1996600E-03   3.0823563E-05   2.5203036E-05   1.9231748E-05  -6.0818893E-04  -5.6018781E-08
  7.4132027E-07  -8.7864932E-06  -4.7521484E-03   2.5203036E-05   9.3000226E-04   4.6797197E-04   1.0802142E-03   8.4517714E-06
  4.6817878E-07  -6.8647323E-06  -1.5942919E-03   1.9231748E-05   4.6797197E-04   2.4581451E-04   5.6628968E-04  -2.1390049E-06
 -1.4269375E-05   4.1705025E-05  -3.5361562E-01  -6.0818893E-04   1.0802142E-03   5.6628968E-04   4.2238020E-02   4.0811355E-06
  1.3093039E-08  -3.7764438E-08  -7.6603542E-06  -5.6018781E-08   8.4517714E-06  -2.1390049E-06   4.0811355E-06   6.4450698E-06
