# logA n_s theta_s_1e2 omega_b omega_cdm tau_reio yp2
9.438899913894056295e-04 -1.577945686230644606e-04 -8.990440637417477615e-07 1.502179325446373719e-06 7.799574015903187115e-06 3.942041617741810148e-04 -1.149140546726826998e-05
-1.577945686230644606e-04 2.330696463090182406e-04 3.179434093697125381e-06 -1.881816736761044138e-06 -3.032607420668092797e-05 2.360180840731857462e-05 1.097274165667060521e-06
-8.990440637417477615e-07 3.179434093697125381e-06 4.670999767401897062e-07 -8.020680346416899429e-09 -9.028080234506492128e-07 7.565136966932839764e-07 -4.606008227262992523e-07
1.502179325446373719e-06 -1.881816736761044138e-06 -8.020680346416899429e-09 9.444788498232016534e-08 -1.328459876895211121e-07 3.164994464923873037e-07 1.971712057760629038e-07
7.799574015903187115e-06 -3.032607420668092797e-05 -9.028080234506492128e-07 -1.328459876895211121e-07 1.382575019521161139e-05 -1.282415304602769554e-05 4.557649072888552299e-06
3.942041617741810148e-04 2.360180840731857462e-05 7.565136966932839764e-07 3.164994464923873037e-07 -1.282415304602769554e-05 2.134615687795045282e-04 -1.846421851606203035e-06
-1.149140546726827506e-05 1.097274165667062850e-06 -4.606008227262992523e-07 1.971712057760628773e-07 4.557649072888552299e-06 -1.846421851606203035e-06 2.013334639882760960e-05
