# DES_DzL1 DES_DzL2 DES_DzL3 DES_DzL4 DES_DzL5 DES_b1 DES_b2 DES_b3 DES_b4 DES_b5 DES_DzS1 DES_DzS2 DES_DzS3 DES_DzS4 DES_m1 DES_m2 DES_m3 DES_m4 DES_AIA DES_alphaIA omega_b omega_cdm H0 n_s logA
  5.4334219E-05  -1.6674906E-07   1.4441334E-07   8.2027727E-07  -9.8093344E-09   1.3651901E-04  -6.2783312E-06   4.5017411E-07   1.0321158E-06   3.8377489E-06   2.9336526E-06  -9.1113752E-07   2.7421714E-06   7.8186128E-08   3.2885252E-08  -3.5837461E-07  -1.2244996E-06   2.7190620E-07  -4.1222279E-05   1.3733625E-03  -3.2338288E-08  -1.0487950E-06  -1.0739427E-05   1.6864727E-06   9.0897165E-06
 -1.6674906E-07   4.2697718E-05   3.5783255E-07   2.1807319E-07   9.0040988E-07   7.1445361E-06   6.7786718E-05   4.2730440E-06   4.6137287E-06   1.0251473E-06   1.6676604E-07   3.2078451E-06   8.8628429E-07  -1.0655525E-07   4.3799440E-07   1.6775446E-06   2.2461057E-06  -2.1427384E-06  -6.7009742E-05   5.4338927E-04   4.1744997E-09  -1.4129370E-06  -1.8022605E-05   2.3384126E-06   1.1853489E-05
  1.4441334E-07   3.5783255E-07   4.2004613E-05  -2.7301854E-07   1.0292922E-06   9.5298920E-06   3.5658880E-06   5.4807061E-05  -1.3133782E-06   2.7639878E-06  -1.0334116E-06   4.9865622E-06   4.6179788E-06  -7.1243588E-07   4.1959985E-06  -2.9928243E-07   2.2847038E-06  -2.5560790E-07   2.9981325E-05   2.8944497E-04   8.2523673E-09  -7.7984792E-07  -4.1874300E-05   1.9437943E-06   1.0925873E-05
  8.2027727E-07   2.1807319E-07  -2.7301854E-07   7.8335646E-05   6.0153359E-07   1.1635701E-05   2.2016314E-06  -1.0648166E-06   1.0074452E-04  -2.0888674E-06   8.1984620E-07   3.8849788E-07   6.5448473E-06   1.1464621E-05  -2.8906039E-06  -5.0352744E-07  -2.5576433E-06  -2.5994379E-06  -1.7286586E-04  -8.7530728E-04  -1.6242236E-08  -2.0775506E-06  -1.9657560E-05   2.8363048E-06   2.3422829E-05
 -9.8093344E-09   9.0040988E-07   1.0292922E-06   6.0153359E-07   9.4062530E-05  -1.1754088E-05   3.8531335E-06   6.4411464E-06   2.7537299E-06   1.2301525E-04   2.2921401E-06  -1.1406582E-06  -1.7296011E-07   6.7616886E-06   1.0697258E-06   5.1481327E-07   6.7262428E-07  -2.8910792E-06  -4.6730561E-05  -8.1295885E-04   1.9230811E-09   2.7976000E-08   2.3039314E-04  -4.9881703E-06  -3.7193865E-06
  1.3651901E-04   7.1445361E-06   9.5298920E-06   1.1635701E-05  -1.1754088E-05   5.4974444E-03   6.2689811E-04   6.4157401E-04   8.9812396E-04   9.1705550E-04  -5.2458512E-06   1.5010257E-05   2.3733085E-05   3.4988840E-05   3.9200100E-06   1.4029277E-05   1.0648634E-04   4.0602931E-05  -6.4162146E-04   9.0792230E-03  -6.1655457E-07   6.1942243E-05  -3.3299003E-03  -2.0881611E-04  -1.2290011E-03
 -6.2783312E-06   6.7786718E-05   3.5658880E-06   2.2016314E-06   3.8531335E-06   6.2689811E-04   3.2029279E-03   8.5119051E-04   1.0197134E-03   1.0371893E-03  -8.3307987E-06   2.9061614E-05   3.8370496E-05   5.1215590E-05  -2.0195552E-06  -2.0787769E-06   8.1834150E-05   6.9999895E-05  -5.5488684E-04   3.8363952E-03  -2.0584309E-07   4.0901286E-05  -4.9893948E-03  -2.3761340E-04  -1.1164743E-03
  4.5017411E-07   4.2730440E-06   5.4807061E-05  -1.0648166E-06   6.4411464E-06   6.4157401E-04   8.5119051E-04   2.4693413E-03   1.0378286E-03   1.0930460E-03   3.7539203E-06   2.0823960E-05   2.6624222E-05   5.5337908E-05   9.4854730E-06  -2.6028765E-06   8.2185696E-05   5.5580362E-05  -4.3432534E-04   1.5547970E-03  -3.3383686E-07   4.0989752E-05  -4.6999347E-03  -2.0725155E-04  -1.1056379E-03
  1.0321158E-06   4.6137287E-06  -1.3133782E-06   1.0074452E-04   2.7537299E-06   8.9812396E-04   1.0197134E-03   1.0378286E-03   3.4514430E-03   1.4111046E-03   9.1560151E-06   1.7617721E-05   3.5555505E-05   7.9452979E-05   1.6907734E-07  -1.6514014E-05   6.7349079E-05   5.5905083E-05  -9.5431288E-04  -2.3740460E-03  -4.2003885E-07   5.5278370E-05  -4.7413973E-03  -2.4908717E-04  -1.4056363E-03
  3.8377489E-06   1.0251473E-06   2.7639878E-06  -2.0888674E-06   1.2301525E-04   9.1705550E-04   1.0371893E-03   1.0930460E-03   1.4111046E-03   6.5340169E-03   9.1142406E-06   1.3149252E-05   1.7851035E-05   3.4114038E-05   2.0372585E-05  -1.8407068E-05   2.4490686E-05   3.7440866E-05  -6.1351496E-04  -3.8149330E-03  -5.3170188E-07   8.8390849E-05  -7.6908050E-04  -2.1844631E-04  -1.7601696E-03
  2.9336526E-06   1.6676604E-07  -1.0334116E-06   8.1984620E-07   2.2921401E-06  -5.2458512E-06  -8.3307987E-06   3.7539203E-06   9.1560151E-06   9.1142406E-06   1.9050382E-04   1.8026209E-05   3.3262269E-06  -7.7648059E-07  -2.7955509E-05   1.6050964E-05   7.3255368E-06   5.7886532E-06   2.2476321E-04  -1.0143227E-02  -2.4041249E-08   4.4155912E-07   6.3091838E-05   3.2090977E-06  -3.7685762E-06
 -9.1113752E-07   3.2078451E-06   4.9865622E-06   3.8849788E-07  -1.1406582E-06   1.5010257E-05   2.9061614E-05   2.0823960E-05   1.7617721E-05   1.3149252E-05   1.8026209E-05   1.1418133E-04   6.5622630E-06   6.3300114E-06   8.6684756E-06  -3.0887644E-05   1.4649572E-05   9.8005702E-06   2.2711885E-04  -2.1363309E-03   9.1873633E-09  -2.9656894E-06  -2.0614497E-04  -4.7194683E-07   2.1763356E-05
  2.7421714E-06   8.8628429E-07   4.6179788E-06   6.5448473E-06  -1.7296011E-07   2.3733085E-05   3.8370496E-05   2.6624222E-05   3.5555505E-05   1.7851035E-05   3.3262269E-06   6.5622630E-06   8.8645481E-05   1.7837911E-05   3.3461923E-06   3.1765261E-06  -3.3443792E-05   1.3012717E-05   1.6939949E-04   2.0982955E-03   7.0767715E-08  -5.6262864E-06  -2.9425168E-04   9.4590513E-07   4.2116020E-05
  7.8186128E-08  -1.0655525E-07  -7.1243588E-07   1.1464621E-05   6.7616886E-06   3.4988840E-05   5.1215590E-05   5.5337908E-05   7.9452979E-05   3.4114038E-05  -7.7648059E-07   6.3300114E-06   1.7837911E-05   3.2439155E-04  -2.2151999E-06   4.6890606E-06   3.1903453E-05  -7.9977473E-05  -1.5490684E-04   1.6239319E-03   2.5919044E-08  -1.3112344E-05  -7.9716898E-04   2.2155588E-06   9.4572818E-05
  3.2885252E-08   4.3799440E-07   4.1959985E-06  -2.8906039E-06   1.0697258E-06   3.9200100E-06  -2.0195552E-06   9.4854730E-06   1.6907734E-07   2.0372585E-05  -2.7955509E-05   8.6684756E-06   3.3461923E-06  -2.2151999E-06   4.8971844E-04   4.1104295E-06   7.8176436E-06   7.7794225E-06   9.7025161E-05  -3.2354687E-03  -1.6743249E-08  -2.6462879E-07   2.0067438E-04  -5.3705082E-07   1.3409801E-06
 -3.5837461E-07   1.6775446E-06  -2.9928243E-07  -5.0352744E-07   5.1481327E-07   1.4029277E-05  -2.0787769E-06  -2.6028765E-06  -1.6514014E-05  -1.8407068E-05   1.6050964E-05  -3.0887644E-05   3.1765261E-06   4.6890606E-06   4.1104295E-06   4.7559534E-04   1.7216776E-05   1.0268212E-05   2.7124238E-04  -1.6210113E-03   1.8459062E-08  -4.5062196E-06  -2.7233625E-04   1.5279585E-06   4.6543054E-05
 -1.2244996E-06   2.2461057E-06   2.2847038E-06  -2.5576433E-06   6.7262428E-07   1.0648634E-04   8.1834150E-05   8.2185696E-05   6.7349079E-05   2.4490686E-05   7.3255368E-06   1.4649572E-05  -3.3443792E-05   3.1903453E-05   7.8176436E-06   1.7216776E-05   4.0404698E-04   4.4394127E-05  -4.6399682E-05   2.0020023E-03   8.5944926E-08  -2.1813332E-05  -9.8719085E-04   1.3030232E-05   1.6613984E-04
  2.7190620E-07  -2.1427384E-06  -2.5560790E-07  -2.5994379E-06  -2.8910792E-06   4.0602931E-05   6.9999895E-05   5.5580362E-05   5.5905083E-05   3.7440866E-05   5.7886532E-06   9.8005702E-06   1.3012717E-05  -7.9977473E-05   7.7794225E-06   1.0268212E-05   4.4394127E-05   4.3667905E-04  -3.3634794E-05   1.8583844E-03   3.7922627E-08  -1.4863389E-05  -1.1293974E-03   2.5382163E-06   1.0790702E-04
 -4.1222279E-05  -6.7009742E-05   2.9981325E-05  -1.7286586E-04  -4.6730561E-05  -6.4162146E-04  -5.5488684E-04  -4.3432534E-04  -9.5431288E-04  -6.1351496E-04   2.2476321E-04   2.2711885E-04   1.6939949E-04  -1.5490684E-04   9.7025161E-05   2.7124238E-04  -4.6399682E-05  -3.3634794E-05   3.1639005E-02   1.2964933E-01   8.1821819E-07   2.3102059E-05   2.7555823E-03   5.6786010E-05   6.4858578E-05
  1.3733625E-03   5.4338927E-04   2.8944497E-04  -8.7530728E-04  -8.1295885E-04   9.0792230E-03   3.8363952E-03   1.5547970E-03  -2.3740460E-03  -3.8149330E-03  -1.0143227E-02  -2.1363309E-03   2.0982955E-03   1.6239319E-03  -3.2354687E-03  -1.6210113E-03   2.0020023E-03   1.8583844E-03   1.2964933E-01   5.3281047E+00   6.8548910E-06  -1.2844009E-03  -3.6940759E-02   6.2786223E-04   1.1716971E-02
 -3.2338288E-08   4.1744997E-09   8.2523673E-09  -1.6242236E-08   1.9230811E-09  -6.1655457E-07  -2.0584309E-07  -3.3383686E-07  -4.2003885E-07  -5.3170188E-07  -2.4041249E-08   9.1873633E-09   7.0767715E-08   2.5919044E-08  -1.6743249E-08   1.8459062E-08   8.5944926E-08   3.7922627E-08   8.1821819E-07   6.8548910E-06   2.7731233E-07   4.5681550E-07   2.0721940E-04  -6.0451442E-08  -1.9657892E-06
 -1.0487950E-06  -1.4129370E-06  -7.7984792E-07  -2.0775506E-06   2.7976000E-08   6.1942243E-05   4.0901286E-05   4.0989752E-05   5.5278370E-05   8.8390849E-05   4.4155912E-07  -2.9656894E-06  -5.6262864E-06  -1.3112344E-05  -2.6462879E-07  -4.5062196E-06  -2.1813332E-05  -1.4863389E-05   2.3102059E-05  -1.2844009E-03   4.5681550E-07   3.0781156E-05   3.7684885E-03  -6.2830842E-05  -3.5461527E-04
 -1.0739427E-05  -1.8022605E-05  -4.1874300E-05  -1.9657560E-05   2.3039314E-04  -3.3299003E-03  -4.9893948E-03  -4.6999347E-03  -4.7413973E-03  -7.6908050E-04   6.3091838E-05  -2.0614497E-04  -2.9425168E-04  -7.9716898E-04   2.0067438E-04  -2.7233625E-04  -9.8719085E-04  -1.1293974E-03   2.7555823E-03  -3.6940759E-02   2.0721940E-04   3.7684885E-03   1.0710198E+00  -5.5332301E-03  -3.4907585E-02
  1.6864727E-06   2.3384126E-06   1.9437943E-06   2.8363048E-06  -4.9881703E-06  -2.0881611E-04  -2.3761340E-04  -2.0725155E-04  -2.4908717E-04  -2.1844631E-04   3.2090977E-06  -4.7194683E-07   9.4590513E-07   2.2155588E-06  -5.3705082E-07   1.5279585E-06   1.3030232E-05   2.5382163E-06   5.6786010E-05   6.2786223E-04  -6.0451442E-08  -6.2830842E-05  -5.5332301E-03   4.0697784E-04   9.0722629E-04
  9.0897165E-06   1.1853489E-05   1.0925873E-05   2.3422829E-05  -3.7193865E-06  -1.2290011E-03  -1.1164743E-03  -1.1056379E-03  -1.4056363E-03  -1.7601696E-03  -3.7685762E-06   2.1763356E-05   4.2116020E-05   9.4572818E-05   1.3409801E-06   4.6543054E-05   1.6613984E-04   1.0790702E-04   6.4858578E-05   1.1716971E-02  -1.9657892E-06  -3.5461527E-04  -3.4907585E-02   9.0722629E-04   4.9064797E-03
